 1997   558.6298       102.8702       244.2646       1388.163       531.0915       202.1312       222.2885       393.6942       300.2204       434.1667       895.0626       3723.901
 1998   1408.658       1026.909       377.4259       782.3806       168.3766       68.78367       92.32915       90.03044       314.7351       1317.754       99.59032       510.1421
 1999   500.2196       496.9257       643.6380       1982.999       239.0280       85.41136       91.01192       160.4249       581.6833       701.3148       247.1698       1584.465
 2000   1172.845       217.3090       324.5718       1143.881       236.1563       75.40970       109.6348       215.8499       1243.029       829.5725      0.5024837       13.18171
 2001   62.30468       2.736896       15.93840       82.91190       9.820631       2.253916       3.219879       53.23534       12.55753       174.0882       318.0168       1384.978
 2002   3536.931       29.35457       36.00898       77.81377       32.14513       14.22113       70.67636       93.00087       91.44458       2193.490       2178.302       1620.888
 2003   8675.432       7988.791       76.52580       81.67761       104.1094       8.801003       5.420131       2.736896       252.9752       20.71455       22.53916       27.95929
 2004   49.53248       22.37816       232.0460       378.4432       586.6084       851.2826       26.40301       44.70266       34.61370       104.4851       89.83464       28.92525
 2005   48.45919       43.41471       186.8604       505.5211       317.6411       260.4883       10.67926       10.46461       10.78660       42.34142       34.82837       98.09901
 2006   411.7153       224.9086       38.96054       435.8644       728.6589       460.9258       113.1251       14.27480       60.05075       151.2270       1007.822       8669.420
 2007   3270.271       624.6568       77.81377       245.5695       99.22595       4.829817       3.810190       35.57967       58.97747       273.9044       3.380872      0.5366460
 2008   10.46461       3.971185       78.77971       400.2847       176.5031       38.90688       1.180622       18.72897       20.66089       79.31638       17.17269       20.71456
 2009   103.3045       2514.565       288.4476       474.4493       244.6035       58.27982       2.307578       54.63062       130.4588       216.9662       116.1303       795.9006
 2010   41.10713       3.595530       218.1469       222.5473       214.1757       29.99854       13.95281       6.761747      0.4293170       7.298393       1.395280       3.219878
 2011   25.11506       109.1539       908.5428       1896.134       488.5094       91.12259       25.54438       44.75632       66.16853       3.541866       36.92129       0.000000
 2012   5.151807       13.68449       159.0621       434.7911       298.2682       23.93443       2.575901       88.27837       194.1588       781.0892       218.5225       104.0558
 2013   1533.683       463.0724       197.2177       446.4900       332.7209       75.98917       4.561495       84.73650       129.5465       1159.532       868.8846       220.6154
 2014   982.2244       1579.834       361.0022       908.1134       147.4705       11.10858       3.488200       114.3057      0.5366460       90.31762       175.0541       128.5269
 2015   9.337650       10.89392       817.0446       523.8208       195.9833       17.97766       0.000000       8.532681       1.180621       21.84152       70.94469       130.9955
 2016   102.0702       23.88078       230.9727       1195.434       795.7396       42.44874       6.010442       4.078514      0.6976390       93.59117       242.9399       67.72481
 2017   106.9000       721.3068       229.6848       1117.728       797.0276       91.82024       4.024847       89.35167       242.1886       25.86637       5.527459       180.9036
 2018   832.0707       247.8234       210.4191       487.0605       340.8242       57.36752       13.95281       237.1442       26.08102       33.21843       39.65818       58.76281
