 1978   37.61323
 1979   43.43002
 1980   43.54102
 1981   36.87574
 1982   44.36889
 1983   22.27665
 1984   38.29216
 1985   29.84756
 1986   35.33938
 1987   30.59044
 1988   34.20264
 1989   42.18435
 1990   38.16523
 1991   35.87798
 1992   22.09048
 1993   43.16716
 1994   40.54953
 1995   26.05754
 1996   30.74299
 1997   38.17105
 1998   26.45094
 1999   32.95830
 2000   39.06940
 2001   43.43029
 2002   52.35214
 2003   44.27296
 2004   32.80862
 2005   41.08783
 2006   44.25841
 2007   39.26581
 2008   36.01661
 2009   47.00384
 2010   27.36021
 2011   25.32855
 2012   43.60556
 2013   46.38113
 2014   38.37397
 2015   35.83796
 2016   37.39545
 2017   45.25657
 2018   40.27650
 2019   53.23858
