 1854  0.6375968      0.3040514      0.8732545      0.9067324       1.064015      0.8443722E-01 -0.2802554     -0.4116471     -0.3386717     -0.5791509     -0.7983540     -0.1340574E-01
 1855  0.6787097      0.4376400     -0.2978860      0.3981125      0.7434829      0.7665470      0.9184746      0.8599735      0.9171495      0.2543388      0.4083959     -0.7091586E-01
 1856 -0.4685512      0.2479906      0.3442526E-02 -0.1309199     -0.4651560     -0.6346616     -0.3846739E-01 -0.3900267      -1.329020      -1.065740     -0.3195860     -0.1204853
 1857  0.3791876E-01  0.3296214      0.6773025      0.5577225      0.9126425      0.5398684      0.6741740      0.5570385E-01 -0.4440874     -0.6602402     -0.4955440     -0.4354557
 1858 -0.9277372     -0.2862276     -0.2839652E-01 -0.3752235     -0.4560510     -0.7394960     -0.2940344     -0.4892172     -0.2175416     -0.5039412      0.4301749      0.6043842
 1859  0.2937776     -0.2155298     -0.2903964     -0.5016395     -0.7003571     -0.2767531     -0.5250752     -0.5979140     -0.4087616     -0.5874502     -0.1899683E-01   1.008125
 1860   1.372973       1.441521     -0.2607366     -0.5200729E-01 -0.8958702E-01 -0.1368721     -0.2459867      0.2290052      0.1920998E-01 -0.2535124E-01 -0.1679051      0.1315832
 1861  0.1167686      0.5600014       1.194306      0.7746765      0.6824139      0.1157369     -0.3439561     -0.1164253      0.5171686     -0.9141223E-01  0.2832395E-01 -0.1270667
 1862 -0.4241121E-01  0.1021624      0.7602456       1.103576      0.3099030      0.4509269     -0.1207554     -0.2156162      0.2147886     -0.7129237E-02  0.1813549      0.2178359
 1863  0.4216887      0.6090722      0.3103445     -0.2834885      0.1124030      0.1083879     -0.4011153     -0.2843465     -0.3829914     -0.1596701     -0.4807751       1.132476
 1864  0.4607987      0.4911594     -0.1396865     -0.6984525     -0.2833780      0.4304779      0.8323947      0.5165228     -0.2067215     -0.9070224E-01 -0.1891550     -0.3610438
 1865  0.3777878E-01  0.8097139E-01 -0.1386875     -0.4256895     -0.3536150     -0.3151731     -0.3133354     -0.1721152     -0.7774503     -0.1258012      0.9789525E-01  0.7806942
 1866  0.9832578       1.823341      0.1636937     -0.2532485      0.8448329      0.2365795E-01 -0.1417154      0.1850948      0.1766406      0.7992802      0.9386927E-02 -0.2401947
 1867 -0.5076922     -0.1673390      0.1193541      0.7193249E-01 -0.2308361     -0.2473021      0.7387735     -0.6770362     -0.1394724     -0.2376708      0.1018829      0.5031445
 1868  0.1828878     -0.1260396     -0.2422065     -0.5515473     -0.1392474      0.1628082     -0.2494664     -0.4763672     -0.4599429     -0.1016802     -0.3914751     -0.3630497E-01
 1869 -0.7780502     -0.8644686     -0.9645675     -0.9876685     -0.3256066      0.2638374      0.2836346     -0.1390155     -0.4294424     -0.1492101      0.2740493E-01 -0.2212738
 1870 -0.1066012     -0.4443857E-01  0.1325735      0.1117615     -0.6484702E-01 -0.5901117     -0.6103688E-01 -0.5782151      0.1422374      0.5351498      0.7156059     -0.2910575E-01
 1871  0.7261875E-01 -0.8697760E-01 -0.1011055     -0.4536895     -0.5337480     -0.2678211     -0.7749367     -0.5183312     -0.1550665      0.2086177      0.6215960      0.7476650
 1872  0.7772588      0.9681808     -0.1643565     -0.8319846E-01 -0.2100503E-01 -0.2700016     -0.2148664     -0.3396062     -0.3880382E-02 -0.3020123E-01  0.2217293E-01 -0.1727548
 1873  0.6584775E-01 -0.1526786     -0.1604765     -0.2241495      0.4757040      0.7226380     -0.1773663     -0.8652602     -0.6779624     -0.6848022E-01  0.9724492E-01 -0.5564477E-01
 1874 -0.2287416     -0.6249058E-01 -0.1105575     -0.1153975      0.1102130     -0.1985221      0.2408446      0.7665583E-01 -0.2662824     -0.7897873     -0.5530580     -0.4929548
 1875 -0.5113602     -0.2384695      0.7842451E-01  0.4244905      0.2187430      0.5440569      0.7792926      0.4326639     -0.2519004     -0.2121702     -0.2493145      0.1558152
 1876 -0.1118422     -0.3595859E-01 -0.9153849E-01 -0.2418385     -0.2921960     -0.3324020     -0.6147113     -0.4315211      0.1846525     -0.6788135E-02 -0.2097640      0.9658623E-01
 1877  0.3108178      0.5790814      0.8574253E-01 -0.2519375     -0.4954370     -0.1175828      0.4256632       1.254005       2.028168       2.313184       2.452344       1.217465
 1878  0.5767898     -0.1919086      0.4763545     -0.4748851E-01 -0.2326551     -0.2856308E-01  0.8299464E-01  0.5813838      0.3649696      0.4270777E-02 -0.1882451      0.1611623E-01
 1879  0.7612875E-01 -0.2661296     -0.3322575     -0.1948295     -0.1864960     -0.2201220     -0.2511764     -0.5044541     -0.7247475     -0.5429372      -1.003259      -1.928044
 1880  -1.029827     -0.9305596     -0.5696565     -0.6517750E-01 -0.3529460     -0.5069060      -1.023481     -0.6425748     -0.7424265     -0.6265882     -0.7736951     -0.4926148
 1881 -0.5109012     -0.4795786     -0.6953971     -0.4449195     -0.5627760     -0.1823221     -0.3402654      0.7112384E-01 -0.7024109E-03  0.1407788      0.5832595E-01 -0.4532860
 1882 -0.4769207     -0.7292591     -0.3894965     -0.2794495     -0.1239370     -0.3469460     -0.2160754     -0.5993612     -0.3851504     -0.5791612     -0.1597651     -0.1054458
 1883 -0.7114302     -0.3609598E-02 -0.4648175     -0.9390852E-01 -0.6159702E-01  0.4911589      0.2609846      0.1991529     -0.1957214     -0.3006302     -0.3641851     -0.3039868
 1884 -0.4125083      0.6437141E-01 -0.3454055      0.2982906     -0.3656060E-02 -0.6762204E-01  0.1210136      0.3485385E-01  0.4180858E-01  0.3845808      0.3515039      0.1172442
 1885 -0.3793102     -0.6348863E-01  0.1863135      0.9991497E-02  0.1493961E-02 -0.2082080E-02  0.2108637      0.5378289      0.8549876      0.2876707     -0.4852530     -0.6185153
 1886 -0.4107712     -0.6924790     -0.3441570      0.7185251E-01 -0.5189170     -0.4426221     -0.5878864     -0.7124851     -0.7515975     -0.9297682     -0.4807450     -0.2518468
 1887 -0.3620102     -0.2573786      0.3919357E-01  0.6460488E-02 -0.1555771     -0.9870905E-01 -0.1721323      0.1592039      0.4360286      0.1891808      0.7082593E-01  0.2668642
 1888 -0.1171202     -0.3639859E-01 -0.2725265     -0.3570395     -0.3154670     -0.3732511     -0.1494344     -0.2114752      0.2397696      0.1845684     -0.7879627E-01 -0.1971154
 1889 -0.6495817     -0.4940981     -0.9639854      -1.321828     -0.9833516     -0.5476631     -0.3585964     -0.6455542     -0.7946007     -0.8706473     -0.7809281     -0.6038227
 1890 -0.4237272     -0.5143496     -0.3302975     -0.5993935     -0.7042720     -0.8073450     -0.8501213     -0.8699071      -1.026307      -1.136607     -0.7318571     -0.4638637
 1891 -0.7077125E-01 -0.5083995     -0.4426324     -0.3922625     -0.9589502E-01 -0.2150205E-01  0.4322655      0.4008089      0.4342485      0.3888378      0.3165340      0.5537443
 1892 -0.1927622     -0.4738776     -0.2127365     -0.3433952E-01  0.1252830      0.1548693E-01 -0.6859024     -0.8163912      -1.030968     -0.8627472     -0.7851291     -0.6413437
 1893 -0.3029282      0.9900239E-01 -0.2209455     -0.3808235     -0.6669919     -0.5783250     -0.7168924     -0.9166102     -0.7148664     -0.4305772     -0.4032480     -0.4288128
 1894 -0.1762212     -0.2794786     -0.3692265     -0.6897745E-01 -0.1470111     -0.1328470     -0.5488127E-01  0.1235629     -0.7400745E-01 -0.9497121E-01 -0.7670504E-01 -0.2423448
 1895 -0.2799712     -0.1942775     -0.2427255      0.1243925     -0.2210860     -0.4409670     -0.3662213      0.1659158      0.3377976      0.2160298     -0.4224350     -0.4157757
 1896 -0.7193412     -0.4174776     -0.8770549E-01 -0.2663785      0.7275400E-01  0.1925169      0.1084447      0.8901289E-01  0.1267976      0.5553187      0.2301449      0.1984652
 1897 -0.1824415     -0.2352899     -0.5781865     -0.4361675     -0.1828150     -0.4228221     -0.2092537E-01  0.2738639      0.2245776     -0.1632992     -0.1582841      0.1544562
 1898 -0.1668502     -0.8565959E-01 -0.2528765     -0.3436753E-01 -0.1156950     -0.3002330     -0.5364214     -0.7368212     -0.5228075     -0.4754581     -0.6840181     -0.7937537
 1899 -0.4712782     -0.1280986      0.2601746     -0.2802935     -0.4049321     -0.6960961     -0.5584414     -0.5224012     -0.6801874     -0.6600972     -0.5802981     -0.3069558
 1900 -0.3699223     -0.7418603E-02 -0.1391755     -0.1271285      0.2253140      0.4429089      0.2072146      0.1512483E-01 -0.1650024     -0.2574125E-01  0.1071249     -0.3393376E-01
 1901  0.1434177      0.1061814      0.2144135      0.2915125     -0.5305704E-01 -0.4458951     -0.3344614     -0.4518152     -0.3155474     -0.2910721E-01 -0.2057281     -0.3045627
 1902 -0.2694172     -0.1043096      0.2292550E-01 -0.1024696     -0.2335420      0.4684791E-01  0.3310056      0.5419969      0.7994876      0.9010748      0.6143570      0.5638623E-01
 1903 -0.3548023E-01 -0.1703286     -0.3028354     -0.6458849E-01  0.6990302E-01  0.4010692E-01 -0.1772364      0.1902749     -0.2225224     -0.7502573     -0.5255570     -0.1279528
 1904  0.3505799      0.6337904      0.5475656      0.1868125     -0.5892700E-01 -0.2152361      0.3341860E-01  0.1203879      0.1030796      0.4389798      0.2605750     -0.1057482E-01
 1905  0.3036788      0.2828714     -0.1361655     -0.3331725     -0.3343820     -0.1718431     -0.6290540E-01  0.1307959     -0.1806140E-01 -0.1214412     -0.1643260     -0.4480153
 1906 -0.1809722     -0.4304849E-01 -0.1762165     -0.1461995     -0.6810406E-01 -0.2330501     -0.6938753      -1.068641      -1.405237     -0.9980983     -0.8424981     -0.3123538
 1907 -0.2817812     -0.3536786     -0.1426425      0.4898047E-01 -0.4602104E-01 -0.3574850     -0.3204614     -0.8093302     -0.3184474      0.2029088      0.2512395E-01  0.2658343
 1908  0.2022088     -0.2798476     -0.2593125     -0.2949035     -0.3995606E-01  0.1239279     -0.2000464     -0.1702971     -0.1036125     -0.8177024E-01  0.1579559     -0.8754373E-01
 1909 -0.1208412     -0.4515761E-01 -0.2596055     -0.5732934     -0.5511010     -0.9203471     -0.7373814     -0.9061601     -0.6898365     -0.5109482     -0.3080461     -0.1251847
 1910 -0.2137612     -0.1084757E-01 -0.1804165     -0.2158325     -0.4112510     -0.5410260     -0.5693114     -0.5595112     -0.8556575      -1.004597     -0.5862291     -0.1428337
 1911  0.5279776E-01 -0.2895685     -0.8780725     -0.5086325     -0.3588611     -0.6833751     -0.5692123     -0.4482512     -0.2199274     -0.3256703     -0.2759450     -0.1889867
 1912 -0.1902124E-01 -0.8124962E-01  0.2843454E-01 -0.7774845E-01 -0.1617560      0.1077289     -0.2560554     -0.5513151     -0.2769715     -0.1879902     -0.3232740     -0.3979147
 1913  0.1242588      0.1572404      0.1926835      0.1922975      0.3925890      0.3666539      0.2009546      0.1178069     -0.1154714      0.1563587      0.7829595E-01  0.5411524E-01
 1914 -0.2040023E-01  0.8520395E-02 -0.1119865     -0.1884401E-03  0.1432350      0.4544285      0.2936046      0.1274638      0.1579786     -0.4616022E-01 -0.3874961     -0.4782243
 1915 -0.3161213     -0.7541076     -0.4605065     -0.1053485     -0.2840963     -0.8163337E-01 -0.3153546      0.1337959      0.3074286      0.1509188      0.2217169      0.5218562
 1916  0.5784788      0.1887404      0.1918355      0.2503905      0.1307350     -0.2918511     -0.2104043     -0.7178802     -0.7384312     -0.8608272     -0.8115071     -0.5612037
 1917 -0.1017120E-01  0.1460124      0.2260586     -0.7613174     -0.5154620      -1.001103     -0.7442263     -0.1514152     -0.2181104      -1.009218      -1.181679     -0.9706128
 1918 -0.3368020E-01  0.3222004      0.4755945     -0.2697525      -1.070181     -0.2738461     -0.5028023      0.7931185E-01  0.2458796      0.3183998      0.1658839      0.3234436
 1919  0.1666397     -0.1278792      0.7712513E-02  0.1163715     -0.1856770     -0.3075320     -0.1606154     -0.1846352     -0.1993624      0.7612973E-01  0.4290396E-01 -0.1338747
 1920  0.6458787      0.5756114      0.7602545      0.4412705     -0.2507750     -0.2997001     -0.4697213     -0.5153362     -0.6343114     -0.3063812     -0.3350841     -0.2332647
 1921 -0.2333712      0.3262246E-01  0.4583345     -0.1460752E-01 -0.4822603E-01 -0.1139911     -0.1422063     -0.6884211     -0.4193464     -0.3888093     -0.3568361     -0.4826548
 1922 -0.2953022     -0.5307856E-01  0.2386556     -0.7162851E-01 -0.1835050     -0.7255307E-01 -0.9738538E-01 -0.6057173E-02  0.9244761E-01  0.8674878E-01 -0.1367503E-01  0.2834642
 1923  0.4515688     -0.1731864E-01 -0.1945749E-01  0.3054053E-01 -0.3132704E-01  0.8783790E-01 -0.6157640E-01  0.3814138      0.7405677      0.8891248      0.6600850      0.6015241E-02
 1924 -0.1119812     -0.1852586     -0.1555065     -0.1205695     -0.3316410     -0.9726205E-01  0.1935146      0.1933428      0.1411586      0.4716898      0.5584398E-01  0.1356442
 1925 -0.2311372      0.2285814      0.1915255      0.4020365     -0.9085605E-01  0.2559140      0.3484136      0.4606249      0.8243685      0.8251678      0.4245439      0.2179852
 1926  0.2618278     -0.1231586      0.2079045      0.4382325      0.2407040      0.5732185      0.3094746      0.3765848      0.3053486      0.3507777      0.1477549      0.1768152
 1927  0.9323975E-01  0.6802410E-02 -0.1864075      0.1709625     -0.1051450      0.6944796E-01 -0.2748444     -0.4660651     -0.4675024     -0.2419302      0.1915149      0.2997553
 1928  0.2449977      0.7935241E-01 -0.1427565      0.7190046E-01 -0.7912502E-01 -0.2260241     -0.4198264     -0.3121662     -0.5029215     -0.2410713     -0.1646031     -0.3729658
 1929 -0.1020422     -0.2525857E-01  0.2533625      0.6663153E-01 -0.2456420     -0.7500207E-01  0.3615956      0.1885659      0.3504376      0.1822098      0.1766250      0.2844042
 1930  0.2977788E-02 -0.2198607E-02 -0.1317865      0.1451025     -0.1517770     -0.1191221     -0.1413263     -0.2260552     -0.4362614      0.1415080E-01  0.1334459     -0.6988576E-01
 1931 -0.3982722     -0.3932486     -0.5060771      0.1768151E-01  0.3452730      0.1330894E-01  0.4339463E-01 -0.8163515E-01 -0.1422204     -0.7573122E-01 -0.2499306E-01 -0.2943347
 1932 -0.3522102     -0.3596987     -0.2618644E-01  0.2428415      0.2392739      0.1498480     -0.6333539E-01 -0.7028416E-01 -0.6512043E-01 -0.5008672     -0.5624306E-01  0.1434343
 1933 -0.3840223E-01  0.1778514      0.4410645      0.4144475      0.3987396E-01 -0.1623730     -0.8271536E-01 -0.3369752     -0.9593062     -0.8177182     -0.2371561     -0.6545937
 1934 -0.9940982     -0.1972895      0.2265086      0.2570266      0.6114298E-01  0.1348980      0.2239646      0.5832338      0.1002186     -0.5129021E-01  0.5108494E-01 -0.8673579E-01
 1935  0.4613879E-01  0.1522904      0.3294215      0.4453352E-01  0.6716980      0.5423669      0.6099557      0.4580738      0.4787086      0.3025188      0.6066859      0.5714352
 1936  0.4658678     -0.1155961E-01  0.1662725      0.2863505      0.3034639      0.5039079      0.3444236      0.2131538     -0.5767241E-01  0.1102988      0.2196659      0.2706522E-01
 1937  0.1837678     -0.8029860E-01  0.9003153E-01 -0.6903747E-01  0.2792640      0.3205797E-01 -0.8212641E-01  0.1769528      0.3018576      0.1542988      0.8549595E-01  0.6660527E-01
 1938  0.5249768E-02 -0.1409196     -0.4510546E-01 -0.1435885      0.1808349     -0.5341008E-01 -0.3304864     -0.3498042     -0.2385614     -0.4028793     -0.5026507E-01 -0.2588147
 1939  0.4443780E-01  0.1865604      0.2526645     -0.1056685      0.7089302E-01  0.1998869      0.2313036     -0.2020152     -0.1829014      0.2098876E-01 -0.1442071      0.1962862
 1940  0.4475788      0.6741604     -0.6486665     -0.7177995     -0.2847360      0.2691069      0.2249246     -0.8445518E-01  0.3516286      0.2639298     -0.2912447E-01  0.1171851
 1941 -0.3751712     -0.2139675      0.6287725      0.4752535      0.9236840      0.3931379      0.3152527      0.3609586E-01 -0.3364824     -0.3395402     -0.1985141      0.6232423E-01
 1942 -0.2501012     -0.2100497     -0.1786061     -0.3090683     -0.1753548     -0.3004431     -0.6787664     -0.5176052     -0.4223813     -0.1406802      0.6266038      0.3476942
 1943  0.2993288      0.2011914      0.7525453E-01  0.2264925      0.2950430      0.4898289      0.7169256      0.6710579     -0.5342022     -0.8039205     -0.6012648     -0.2624868
 1944 -0.2952112     -0.2886996      0.6313251E-01  0.5148325       1.053518      0.1531499      0.1661339      0.3560048      0.2688682     -0.5990402     -0.5491154     -0.3509581E-01
 1945 -0.2010119E-01 -0.2700193      0.1659366E-01 -0.2564574      0.1673996E-02   1.087565       1.327466      0.8595318      0.2334186     -0.3205013     -0.1684245     -0.3305248
 1946  0.6060797      0.5710912      0.4005525      0.3132118      0.3679130      0.4284059      0.6033136      0.9521369      0.8673186      0.6021978      0.7429879     -0.2276778E-02
 1947  0.9809875E-01  0.3518204      0.5212325      0.7343715      0.8985130      0.5026369      0.9747460E-01 -0.2021151     -0.4643075     -0.1872691      0.2800170      0.4610492
 1948 -0.4560262E-02  0.1231524      0.1777935      0.2152425      0.2580020      0.3778189      0.2527146      0.2169284E-01 -0.1375142E-01  0.2091578      0.1423039     -0.2987067
 1949 -0.9648022E-01  0.3381304      0.8095351E-01  0.2017005     -0.3045705E-01  0.3162379      0.3598446      0.4369039      0.5488375      0.5118008      0.1075139     -0.1238747
 1950  0.7500973E-01 -0.4912386     -0.2813765     -0.7166848E-01  0.4516301E-01 -0.4633203E-01  0.3221360E-01 -0.7617146E-02 -0.2734614     -0.2287412     -0.1008750      0.8763421E-01
 1951  0.3555870E-01  0.3033614      0.2300535     -0.7741854E-01  0.2429340      0.1723793E-01 -0.1970637E-01  0.7393837E-02  0.2574986      0.1930977E-01  0.3673839      0.2790559
 1952  0.1320787      0.1747304      0.1385015      0.5230905      0.3594230     -0.4867008E-01 -0.2115154     -0.2843052     -0.2482024     -0.3242613      0.1764650      0.2295942
 1953  0.4829198      0.4178014      0.2897025     -0.1038275      0.5879835      0.1780179      0.1166362E-01  0.1978448      0.3137276      0.1047288      0.2227349      0.1613753
 1954 -0.1996613      0.5521241E-01  0.2401545      0.3281915      0.1899839     -0.2490404E-01 -0.3440563     -0.3684382     -0.4790665     -0.5652882     -0.2298510E-01 -0.2184447
 1955 -0.3331506     -0.4496986     -0.2643648E-01  0.3345147E-01 -0.4215320     -0.3752071     -0.1696353      0.6869385E-01 -0.3108004     -0.4415602      0.2350240      0.1267052
 1956  0.3175288      0.2962124     -0.1451474     -0.2747895     -0.4309821     -0.5005150     -0.4848723     -0.7468620E-01 -0.5500714     -0.5765582     -0.4885931     -0.1209668
 1957 -0.5788316     -0.1841806     -0.4836646E-01  0.5331486E-02  0.2157339     -0.1546310     -0.6444737E-01  0.7697383E-01  0.2312096      0.9558776E-01 -0.3771759     -0.2932862
 1958 -0.3848012     -0.2854187     -0.2757648E-01 -0.1734385     -0.4442950     -0.7898631     -0.6562454     -0.4097652     -0.6650715     -0.6151792     -0.3509654      0.1362152
 1959  0.4702192      0.2912199E-01 -0.2545665     -0.2386985     -0.4974562     -0.5421610     -0.4510154     -0.3012761     -0.2038704     -0.3375109     -0.1656661     -0.1020948
 1960 -0.2002702      0.3247139E-01 -0.1656955     -0.5558675     -0.8159270     -0.5492216     -0.3985574     -0.5088947     -0.6168013     -0.7751802     -0.8956850     -0.5759358
 1961 -0.1497802      0.1226394      0.1834545     -0.1507865     -0.1510960      0.3514069      0.9475042       1.204679       1.534929       1.186935      0.8052559      0.6318153
 1962  0.8324188      0.6726324      0.2574345      0.1868115     -0.3810802E-01 -0.1417021     -0.1689776      0.8374584E-01  0.2109696      0.1503088      0.2367959      0.2730962
 1963  0.2272078      0.5385914      0.3642935      0.5796349E-01 -0.5248367     -0.6696206E-01  0.3685746      0.9316539      0.9195685      0.9346487      0.7045136      0.3010762
 1964 -0.1136812     -0.3699983      0.6224401E-01  0.4670415     -0.1465870     -0.7300305E-01 -0.2078354     -0.2753482     -0.5755630     -0.2616702      0.5185568      0.1950853
 1965  0.1193688     -0.1866396      0.1995825      0.1926405     -0.2123600E-01 -0.1281610     -0.7305384E-02  0.2814928      0.2104786      0.5896798      0.3324269     -0.1086348
 1966  0.9134775E-01  0.3009100E-01 -0.4097649E-01 -0.5669504E-02 -0.1973380      0.2125579      0.2445836      0.6464438      0.3586286      0.6657778E-01 -0.1752331      0.7511520E-01
 1967 -0.5648223E-01 -0.1359596      0.4718435      0.3164505      0.2583430      0.6123970      0.7979237      0.7719578      0.9141586      0.8435876      0.6216359      0.2944142
 1968  0.1650188      0.4635224     -0.2033654E-01  0.1583715      0.2085830      0.1706479      0.1567236      0.7847483E-01 -0.2981424      0.5994977E-01  0.1107639      0.1045942
 1969  0.1434582     -0.9648591E-02  0.6696290E-01 -0.9571749E-01 -0.1281643E-01 -0.3223122     -0.2002654     -0.1209152      0.6243959E-01  0.6150591      0.2271643      0.1495438
 1970  0.4487998      0.2484614      0.2138630      0.2691915      0.4541235     -0.2041124     -0.8679578E-01  0.2326727     -0.6419113E-01 -0.3123420     -0.1635361     -0.6191576E-01
 1971  0.2020498      0.9632146E-01  0.4827846      0.6959616      0.3226940      0.1414270     -0.7546365E-02 -0.3219054     -0.1453724     -0.4364602      0.1609059      0.3633153
 1972  0.5233198     -0.1395486      0.9151152E-01  0.1170605      0.4683240       1.010249      0.7695051      0.7399228       1.047760       1.095091       1.020665      0.6371662
 1973  0.5008494     -0.8559859E-01  0.1849445      0.1826115      0.2508140      0.5787939E-02  0.5798376E-01 -0.3063552     -0.2016726     -0.1432025E-01  0.2620596E-01  0.2050525E-01
 1974  0.3439959      0.3894204      0.5454655      0.2749825      0.1345030      0.4598379      0.5670363E-01 -0.1947616E-01 -0.3194229     -0.6464022E-01 -0.2578751     -0.7959676E-01
 1975 -0.4671912      0.3456041E-01 -0.2371865      0.3285205      0.2038140      0.4927570      0.4937730     -0.2330864     -0.7212905     -0.8530507     -0.4168541      0.2676317E-01
 1976 -0.4227224E-01  0.8536044E-01  0.9953451E-01 -0.1447469E-02  0.1201639      0.5953569      0.9755442      0.4691349      0.1390086     -0.4364024E-01 -0.8246607E-01  0.3279952
 1977  0.2253078      0.1704139E-01  0.1701335      0.7060049E-01 -0.1361370      0.1765682      0.2473056      0.3324559      0.2858966      0.8980994      0.4103456      0.4537443
 1978 -0.5330217     -0.3345195     -0.1771567      0.9427071E-03 -0.1717603E-01  0.3391179      0.2337136      0.1489348      0.4889686      0.4759808     -0.4035506E-01 -0.1347643
 1979  0.2738787     -0.1457803     -0.1909068      0.1363607      0.2234946      0.5956990      0.2492926     -0.3572518E-01 -0.1300711     -0.9456122E-01 -0.3984232     -0.1255956
 1980  0.1174989      0.1901314     -0.1908155      0.3456921      0.4748539     -0.2574411     -0.8467644E-01  0.3069429     -0.2236204     -0.1327915     -0.8720586E-01  0.1699238
 1981  0.1625088      0.2921606     -0.8370811E-01  0.5244830      0.2505140     -0.1688087E-01 -0.2528644     -0.2798662     -0.3460114     -0.2296012     -0.1402849     -0.1137448
 1982  0.1124178      0.2681504      0.3680128      0.4353715      0.5747447      0.4870179      0.5816541      0.6326848      0.4876796       1.157610      0.4242138     -0.1080537
 1983 -0.2398809     -0.5452396     -0.9089071     -0.7776680     -0.8934700E-01  0.4532279      0.9293537      0.5916833      0.4671376      0.1541385      0.1810557      0.1462251E-03
 1984 -0.5620211E-02 -0.5006859E-01 -0.1329648E-01  0.4538125     -0.2951160     -0.2259231     -0.3116654     -0.1100452     -0.1111214     -0.4643123E-01 -0.2692047     -0.1127268
 1985  0.3776976E-01 -0.1141476     -0.1170875     -0.1265275      0.1365240     -0.3154421      0.2018856      0.1452348      0.2606396      0.3707877E-01  0.6037459      0.2853653
 1986  0.1421878      0.1776204      0.4895316      0.3235115      0.2857830      0.2423560     -0.4558536E-01  0.4257848      0.7856296      0.3413977      0.7785940      0.4844421E-01
 1987  0.3822765E-01 -0.2307298     -0.2167785     -0.4244690      0.1629340      0.1140280     -0.5106437E-01  0.3906348      0.5343086      0.5248682      0.1473449      0.8467472E-01
 1988  0.2618388     -0.1405596      0.2481252E-01  0.2133619     -0.4960660     -0.9442180E-02  0.1281436      0.7944477E-01 -0.2608717     -0.3241028     -0.2108660      0.1352762
 1989 -0.3972510      0.1674104     -0.1327155     -0.8645952E-01 -0.2798354     -0.5022819      0.1207946     -0.4208952     -0.2090424     -0.4621812     -0.2259151     -0.2007748
 1990  0.4138478     -0.1038676     -0.1184666E-01 -0.1955279     -0.4915175     -0.3280439      0.1591343     -0.1641143     -0.1810317     -0.7644212     -0.5005261     -0.2438660
 1991  0.1055177      0.5944139E-01 -0.5317646E-01  0.7489605      0.9710040      0.5890589      0.4349638      0.7935283E-01  0.5005386      0.4677787      0.4266554      0.3715944
 1992 -0.3666412     -0.6565796     -0.6062975     -0.3101475     -0.2799161     -0.6798527     -0.3822264     -0.7822661     -0.4041394     -0.2470414      0.4898503E-01 -0.1736648
 1993  0.1694977E-01 -0.5593958E-01 -0.3668272     -0.1549696      0.3419943      0.3246869      0.5700133      0.3385285E-01 -0.8325133E-01 -0.2692223E-01 -0.5093527E-01 -0.1026059
 1994  0.2027077     -0.1110074     -0.1998065      0.2987202      0.8353339      0.5679181      0.8290539       1.217518       1.153198       1.643134      0.3209657      0.7485344E-01
 1995 -0.3488293E-01  0.4556114      0.2675840      0.3042930      0.1071751      0.8879966E-01 -0.3652361     -0.3633441      0.1137787E-01 -0.1170619     -0.5273341      0.1373952
 1996  0.3947498      0.1888210     -0.1962288     -0.7792096     -0.3147368     -0.5736721     -0.4197364     -0.7371471     -0.5430714     -0.8046492     -0.5982761     -0.1959860
 1997  0.5209759E-02  0.2447304      0.8271362E-01  0.8771139E-01  0.7353297E-01  0.2925883      0.6553546      0.5510749      0.9900086       1.222649       1.625985       1.073773
 1998  0.7403988      0.9156144E-01 -0.1487374      0.7311046E-01  0.1123940     -0.1615012E-01 -0.6550243     -0.5577862     -0.3185020     -0.4778902     -0.7101450     -0.3516878
 1999 -0.4484898     -0.1822386      0.7570422E-01 -0.1572285     -0.1741760      0.8357923E-01  0.3290827      0.3612133      0.3586374     -0.2104302     -0.2730556E-01  0.5774455E-01
 2000  0.2198845E-01  0.4340194      0.6798241      0.1520505      0.3826133      0.1329769      0.2224831      0.4554284E-01  0.2290676      0.6745976E-01  0.1430933      0.2033456
 2001  0.1083088      0.3222014      0.3649345     -0.1151809E-01 -0.2407680      0.3025997E-01 -0.5816264     -0.2135647     -0.2840700     -0.3657092     -0.5352545E-01  0.8666426E-01
 2002 -0.2545926      0.1419606     -0.3890465     -0.4028180     -0.4371370     -0.1236241     -0.1045063     -0.2066045      0.7632992      0.7749888      0.3578149     -0.1437248
 2003 -0.3098922      0.1651614      0.2663445      0.1198505      0.3682640      0.5073982      0.4374047      0.5437238      0.1893586      0.1126498     -0.1308647      0.1696338
 2004  0.3211874E-01  0.1010239E-01  0.1272526      0.8070469E-02 -0.4518656     -0.3379335     -0.1583857      0.2214544      0.3554884      0.3098301      0.9430593E-01 -0.2142376E-01
 2005 -0.2456223     -0.7941183     -0.6630455      0.1514017      0.2287030     -0.4172087E-02 -0.3465551     -0.2452551     -0.4105525     -0.3682191     -0.4729151     -0.3621848
 2006 -0.5855094E-01 -0.6837986     -0.2425367     -0.5127871E-01 -0.1063260     -0.1154920      0.3056150      0.4646243      0.9260796       1.145890      0.9596150      0.4873443
 2007  0.2600787     -0.1758776      0.1692440      0.1687630      0.5180422      0.4575969      0.4736939      0.5449443      0.6165686      0.3118382     -0.1463649E-01 -0.1647552
 2008  0.3017876E-01 -0.1365060E-01  0.2644452E-01 -0.3145385      0.2434840      0.5840175      0.8701236      0.5614828      0.3016896      0.3215785      0.1501516E-01 -0.1432557
 2009 -0.5747211E-01  0.2803994      0.3840331     -0.1893979E-01  0.4493952E-02  0.1739080     -0.3385554     -0.9141618E-01  0.1466396      0.2078598     -0.7656604E-01  0.2360443
 2010  0.4379978      0.1318405      0.3099746      0.4291025     -0.7638502E-01  0.6758928E-02 -0.1864642E-01 -0.1521152     -0.8398909     -0.7304212     -0.8125551     -0.3029748
 2011 -0.2086222E-01 -0.6423959E-01  0.1644422      0.1655050E-01  0.1467416E-01  0.2142689      0.1405026      0.2218049      0.6146476      0.7390597      0.1971349      0.1934043
 2012  0.1446484     -0.1050484      0.1398625     -0.4036096     -0.5460861      0.1159179      0.6130826      0.9662738      0.7840090      0.5783293      0.1892149      0.1847543
 2013  0.8631778E-01 -0.1290786     -0.3721648E-01 -0.1252576     -0.4932355     -0.3544601     -0.2027564     -0.3271514E-01 -0.3475153E-01  0.1015608      0.1157160     -0.1143748
 2014 -0.1104102     -0.1044592     -0.4173877     -0.1649185      0.3908294E-01 -0.6466204E-01 -0.2167474     -0.3301152     -0.1968014      0.2981977      0.2486560     -0.8836484E-01
 2015 -0.3170512     -0.3011680     -0.9833741E-01  0.1694915      0.2851140      0.4093389      0.5791537      0.7208300      0.9819015      0.8333418      0.5671709      0.1506163
 2016 -0.1575803     -0.4060286     -0.1890914     -0.1671035     -0.3717921     -0.5705420     -0.9352452     -0.3877651     -0.6231814     -0.5225202     -0.2905741     -0.1655638
 2017  0.2079877E-01  0.9049261E-01  0.3000640      0.4378805      0.6494431      0.4700975      0.6055927      0.8588133      0.5070386      0.5028887      0.3187259     -0.4012579E-01
 2018  0.1090896      0.4264094      0.4431355E-01  0.7485247E-01  0.2183424      0.1664083      0.4309646      0.5057653      0.8834385      0.6123106      0.6216550      0.4501353
 2019  0.1859998     -0.6660956E-01  0.3289449E-01  0.3086625      0.9094842       1.008588      0.9439846       1.575964       1.597718       1.929068       1.728283      0.5607732
