 1978   11.11188
 1979   14.85333
 1980   9.008294
 1981   7.544535
 1982   13.92041
 1983   2.498665
 1984   11.54947
 1985   8.711197
 1986   5.148434
 1987   5.566370
 1988   7.200515
 1989   7.241475
 1990   10.48188
 1991   7.039374
 1992   4.688315
 1993   10.81821
 1994   8.579917
 1995   5.891443
 1996   7.827976
 1997   11.99739
 1998   4.943948
 1999   6.808563
 2000   9.934511
 2001   11.32137
 2002   15.74131
 2003   9.307673
 2004   7.129698
 2005   8.558143
 2006   12.31265
 2007   9.915681
 2008   9.335807
 2009   10.73291
 2010   3.751083
 2011   4.588094
 2012   12.63456
 2013   12.71480
 2014   10.98827
 2015   8.108666
 2016   11.88822
 2017   10.45942
 2018   11.37524
 2019   20.05037
