 1900   2.097790       1.026129       3.463710       3.395773       4.207632       3.469972       3.475322       1.699209       1.835958      0.5022858       1.998447       1.699987
 1901   1.873783      0.6861150       3.020460       3.005623       1.297121       2.117008       1.349006       3.706013       1.605761       2.707441       1.320914      0.5823939
 1902   1.637237      0.5560162       1.901853      0.6039342      0.3014277       1.658784       1.478119       1.475419       1.521597       2.518351       1.391697       3.705294
 1903  0.7345474      0.8630910       2.749783       2.915910       2.021396       2.357686       2.908439       1.818193       4.309134       2.648819       2.219157       3.040807
 1904   2.305662       2.767994       2.384375       2.553026       1.949177       1.334862       4.016627       1.610405       1.230228       2.640011       1.282728       1.399934
 1905   1.713629       1.893523       1.815956       3.898038       2.372121       2.100516       2.255123       1.242077       1.335763       2.874400      0.9568645       2.103296
 1906   1.072763       1.098085       4.610743       1.293186       1.897675       1.922202       1.254254       3.487369       3.004925       2.932800       2.739504       1.735674
 1907   2.489054       1.330972       3.108259       1.628036      0.9847742       2.548207       1.190842       1.779040      0.9088227       1.043862       2.717668       2.907641
 1908   1.299801       4.994308       2.305321       1.558323       1.109535       1.858323       1.476993       2.755736       2.633648       1.335371       2.050697       1.241132
 1909   1.579399       3.556316       1.429635       1.962874       1.284428       3.846349       1.655395       3.000445       1.840372       1.598474       1.669528       2.652752
 1910   4.894297      0.6391410       3.388899      0.8326174       1.038602       2.602147       2.296983       1.082756       2.069624       2.247290       1.949335       3.211666
 1911   5.577401       3.883777       2.995301      0.7405480       2.118406       1.837714       2.389358       1.761367       2.078337       1.054149       2.231306       2.563102
 1912  0.9322096       2.152659       1.983733      0.8784183      0.6837475       2.591361       4.358722       1.848116       1.822507       1.533625       2.009935       1.803434
 1913   1.394674       1.730480       4.019729       2.726199       4.989400       3.476795      0.9894915       1.202464       1.778744       2.121528       1.162831       1.327898
 1914   1.579577       1.301549       4.413556       1.680039       1.911409       1.570709       2.096022      0.4202209       1.720521       1.905607       2.510167       3.792984
 1915   1.203734      0.9675549      0.9726143       1.505975       2.773777       2.416904       1.874873       2.054998       2.420505       1.900242      0.4555051       2.314391
 1916   1.717134       2.472189       1.238688       3.428943       1.195452       3.353603       2.792179       2.741503       3.201575       3.702999       3.761722       3.757973
 1917   3.061842       2.347542       1.414253       1.487314       1.522286       2.558148       2.190988       2.294611       3.584248       3.105993       5.068284       2.293307
 1918   3.840152       1.652497       1.600172       1.941535       1.728261       1.394546       2.310869       2.818528       1.152728       1.121639      0.8204646      0.9070541
 1919  0.9595013       2.520356       2.229833       1.432385       3.473423       1.161246      0.9368570       1.675990       1.301573       1.252676       1.114674       3.593021
 1920   3.113920       1.162645       1.524184       1.318253      0.9650606       3.700031       3.140471       2.490798       2.530901       2.051477       1.902668       4.343999
 1921   2.277192       1.681841       2.760191       3.258206       4.100251       2.997935       3.425998       1.767850       2.477936       2.339805       1.830637       4.144976
 1922   2.094490       2.748738      0.5287261       1.262144       1.151020       1.607317       4.480798       1.590326       2.647019       1.752879      0.6623408       2.681268
 1923   1.346841      0.3372691      0.7848207       1.359668       1.344714       3.806525       2.845864       1.635840       2.751073       2.136676       1.591486       2.773364
 1924   2.471897       3.331948       1.438950       2.578852       1.088249       1.707589       1.948474       2.453513       2.423893       2.043960       4.862540       2.307589
 1925   3.061767       2.093338       1.718116      0.9141043       4.509644       2.711344       1.963235       2.027312       1.052399       1.152043       2.891515       1.397678
 1926   1.666975      0.4177220       4.312772       3.365051       2.781400       1.909663       1.965584       1.811373       1.738032       1.245157      0.5557305       3.644211
 1927   3.095558      0.6070074       1.447574       3.132654       1.540252      0.8973016       1.434740       1.534316       1.345191       2.477969       3.309951       1.889325
 1928   2.658151       5.941662       3.886521       2.455517       1.353698       3.131875       2.320885      0.6134908      0.9709647       1.991722      0.9628851       1.067620
 1929  0.9369391       5.729385       1.776093       2.780473       1.241282       1.714541       1.093822       2.404843       1.997361       2.524619       2.377897       1.817290
 1930   1.549729       1.311896       1.879981       1.663409       2.197757       4.316114       1.994524       2.056896       1.179381       3.415817       1.667001       3.006658
 1931   1.467860       1.516148       4.449466       3.925024       3.973794       3.835171       2.223140       1.295423       1.777250       1.238550       2.397711       2.926236
 1932  0.6152929       1.579501       3.382289       2.902860      0.9277148       1.771048       2.256187       2.290114       3.139443       1.806102       2.277371       1.605100
 1933   3.310267      0.3637590       1.100301       1.986663       1.716273       2.597109       3.585129       1.095147       3.051970       2.669329       3.069097       3.293550
 1934   3.706260       4.883376      0.9206752       3.290226      0.8280456       2.129807       3.705566       2.923001       2.170094       3.778978       3.403522       2.733735
 1935   2.968541       2.891568       1.171228       3.364191      0.7851725       1.069292       1.938411       1.397106       2.459733       2.586316       1.069304       2.540742
 1936   2.693752       2.691042       2.801268       1.820604       1.188145       2.467593       2.870420       2.219252       1.215283       1.063938      0.6355252       4.368527
 1937   2.578008       1.700143       3.219872      0.8829699      0.9061505       2.365966       1.110571       2.091564       1.893479       2.384638       2.540688       2.308005
 1938   2.883785       2.074333       1.302908       1.879213       2.050052       1.700173       1.548807       2.756790       1.005862       1.997467       1.764408      0.4450754
 1939   1.821200       2.126259       4.646935       3.276720      0.8912982       2.375867       1.047201       3.823351       1.392061       2.447451       2.543739       1.113232
 1940   1.160923      0.7528379       1.250363       3.227145      0.9735221      0.8085575      0.7922474      0.9734619       2.214511      0.6955265       1.798002       3.526759
 1941   5.523835       1.770512       2.873440      0.9396559       1.019730       2.117405       1.224139       1.248363       1.498772       1.650692       1.573569      0.9807875
 1942  0.8032044       2.698261       2.925975      0.5680867       2.860679       2.595199       2.866723       1.534145       1.622392       3.308219       3.935338       2.472114
 1943   2.701586       1.023977      0.5739566       2.446045       3.282076       1.457814       1.289962       2.573278       2.460181       1.893958       3.233949       2.304122
 1944   1.898712      0.8978940       1.021665       1.592730       3.076845      0.6403530       1.795004       2.214299      0.8011940       1.126325      0.9141706       1.237888
 1945   2.785013       2.445015      0.8533977       2.420047       1.752030       4.829981       1.862074       2.392216       1.039249       1.632119       2.118978       1.481402
 1946   2.621189       3.018077       2.991498       2.754729      0.9796903       2.081903       1.747489       1.020478       1.443644       1.249076       2.418364       2.031298
 1947   1.250461       4.263885       2.673644       2.159998       1.153628       1.442280       2.281220       1.899721       2.129563       2.232383       2.995884       6.029109
 1948   2.984163       2.546570       1.975234       2.041234       3.081802       3.421432      0.9303296       1.065179       1.906384       1.861070       1.783377       2.482951
 1949   2.548196       3.486646       3.359083       1.376712       1.856220       3.369009       2.381350       1.735704       2.982313       3.704256       3.560981       1.501039
 1950   3.022180       5.040071       4.634859       3.575735       2.266024       5.449897       4.536301       1.983232       2.314752       4.719196       4.519905       1.417246
 1951   3.963827       2.602288       1.591867       1.583266       1.961759       4.227619       2.038684       2.888502       2.183788       1.641694       1.243047       1.139667
 1952  0.9102651       2.069549       2.965197       3.839652       2.791560       4.755253       2.675680       4.163757       1.690993       3.630411       2.312246       2.924060
 1953   2.259672       3.246342       1.293937      0.9575446       3.629275       1.225560       1.373206       2.533518       1.794589       2.297461       2.080378      0.9943442
 1954   3.266693       5.243057      0.4121269       1.355192      0.9400655       1.882654       1.774508       1.536578       1.658369       3.645313       4.065872       2.254959
 1955   2.771327       6.568587       2.252809       1.897523       2.882225       2.115503       1.670455       2.562335       1.893095       3.839382       2.331511       3.109843
 1956   4.095036       6.144966       5.430296       3.218914       4.354174       4.450636       2.806427       1.822798       1.881974       2.933877       1.175523       1.406055
 1957   1.078428       2.759295       1.652344       1.218807      0.5623543       1.756728       2.621033       2.252884      0.8766639       1.217200       1.020335       2.330104
 1958   2.706576       2.694684       2.155822       1.529168       2.043964       2.389450       1.959604       2.689896       2.536549       2.644653       1.384563       3.177250
 1959   3.141950       3.971122       3.826884       2.103005      0.6753492       2.406757       2.380864       1.309505       2.407668       3.694239       3.235633       2.692237
 1960   2.360872       1.984134       1.423529       1.773622       3.174076       1.475841       3.477200       1.843109       2.941540       1.868856       2.584239       3.055700
 1961   1.681224       2.707891       3.164584       2.048426      0.8393595       2.123216       2.564305       2.666618       1.418038       2.087486       4.979472       3.413519
 1962   4.685031       2.468911       1.616106       2.317178       3.290138       1.055220       2.389957       2.430484       2.270957       2.127713       1.230222       4.390470
 1963   3.874745       1.921425       3.614843       2.712160       5.016211       2.683454       2.153453       2.514715       2.328640       1.760795       2.245329       3.084973
 1964   1.911815       1.615248       2.397261       3.921575       1.547553       3.137496       2.880936       1.915259       2.577772       3.048698       1.281692       1.698649
 1965  0.7265888      0.5793805      0.3683568       1.672317      0.9710271       1.095879       2.083615       2.035187       1.670579       2.445306       1.932929       3.231952
 1966  0.8944143       2.318485       2.473123       1.137468       1.287762       2.133315       1.585789       2.640421       2.148659       3.133087       3.955925       3.383734
 1967   2.483610       1.267244       2.806283      0.8129258       1.279120       3.752735       1.002388       2.969334       1.648503       2.403770      0.7616067       1.064743
 1968   4.457835      0.9081018       1.936821       1.397901       4.281195       1.225000       1.754105       2.897193       1.027582       1.635718       1.669268       3.133023
 1969   1.709492       4.049963       2.687987       2.672779       2.711419       2.513928       1.964795       2.466681       2.088266       3.097451       3.868883       1.704237
 1970   3.810655       1.885556       2.485386       2.389008       1.701797       1.291441      0.6679877       2.419014       3.995233       1.626935       3.229587       5.142660
 1971   4.768628       5.651647       1.387247       1.282326       1.575220       1.265595       1.801136       2.098319       2.038728       1.229193       3.291589       3.411227
 1972   4.488373       2.392792       1.484557       1.788363       1.337564      0.9090655      0.8476726       1.969807       1.055158       3.631160       2.596518      0.9670826
 1973   2.590202       6.050116       1.686731       1.427498       1.364312       2.393677       2.708302       2.557520       2.038842       3.786724       3.927920       3.064061
 1974   5.445822       2.257371       2.785176       5.333285       3.169005       2.167543       2.625722       3.159412       1.931459       3.107188       2.569406      0.7477380
 1975   1.662094       3.779428       2.949921       1.821649       1.064248       3.645509       1.950138       2.284661       2.738853       3.750837       2.206995       2.737603
 1976   4.704290       4.661041       3.130862      0.9536799      0.7663964       2.337265       1.782690       1.353694       2.295463       4.076766       2.599800       1.255027
 1977   2.086938       4.514816       3.531087       1.601032       4.141144       2.237445       1.136426      0.8012707       1.811950      0.7142810       1.270311      0.8729202
 1978   5.127659      0.9993714       5.113251       1.689783       3.322293       4.125591       2.446758       1.352914       3.587170       1.689892       3.141707       3.278527
 1979   1.525139      0.6216959       3.144839       1.756186       2.349012       1.556749      0.8682789       1.463054       2.287215       2.031085       1.991320      0.3983202
 1980   2.635240       1.179785       1.032569      0.7048521       3.477690       1.921273       1.644086       1.151593       1.001612       1.959810       1.098640       2.810257
 1981   1.250823       4.061225      0.8220638       1.890826       3.125793       3.209173       3.236136       1.912179       1.062717       2.327254       2.970638       2.102537
 1982   2.281518       1.265552       4.401865      0.9479681      0.8608005       1.041900      0.8432050      0.3707621       2.075736       1.562801      0.4526151       1.635018
 1983   1.756392       1.579799       2.759634       3.227363       4.580000       1.823842       2.058242       2.050715       2.538770       3.146889       2.976040       2.929162
 1984   6.328087       3.178285       1.897338       2.869631      0.8977214       1.226112       4.567622       2.182044       2.332471       1.799222       2.716431       1.725421
 1985  0.7300400       1.797826       2.017182       2.786254       2.240428       1.697209       1.953512       3.043720       2.099262       3.712787       3.226328       3.261659
 1986   2.393627       1.175671      0.4083203       1.236977       1.748406      0.9735930       3.641493       2.928221       2.082198       2.482693       3.096927       1.316542
 1987   2.499227       1.823916       3.158340      0.7874894       2.476625       2.229538       2.020690       3.140854      0.9401064       2.207358       2.075058       2.682759
 1988   2.924527       1.864758       1.360612       5.715268       2.652512       2.043246       3.201014       1.664161       2.964560      0.8480458       3.453400       4.181866
 1989   2.401069       1.351927       4.656791       5.720385       2.787913       3.284385       2.497146       1.507939      0.9642700       1.901261       2.673032       2.158268
 1990   1.935981       5.472214       1.646417       6.293147       2.795573       1.702576       3.052812       3.345343       2.019228       2.069623      0.8339332       1.230385
 1991   3.928216       1.552815      0.9969234      0.7332222       1.793335       4.915802       3.020400       1.946501       1.676911      0.7582185       1.312388       3.962633
 1992   2.697154       5.046086       1.525155       2.096550       1.279784       1.787514       1.214196       2.445692       2.589181       2.493426       3.578506       4.369005
 1993   2.521801       2.438794       2.481702      0.4837918       1.160160       1.710899       3.591442       1.326157       3.169368       3.126521       2.308943       2.745605
 1994   1.244687       3.928873       2.380714       1.494236      0.8029840       1.537059      0.8314037      0.7549583      0.8271406       1.359729       2.566277       2.063713
 1995   4.925109       1.785886       1.695256       1.019711       3.699029       2.189971       1.901924      0.4949025       2.693332       2.386628       3.991964       2.776859
 1996   4.999775       2.117550       1.375500       1.123674       3.329706       2.177578       2.774138       2.527990       2.858652       1.890012       2.830367       2.846593
 1997   2.682178       3.164777       1.715801      0.2929291       2.248151       2.222656       1.013441      0.9899412       2.810218       1.652281       1.775778       1.847171
 1998   2.101228       2.192121      0.4291738       2.505841       2.238783       3.696990       3.671218       3.692171       3.002731       2.354472       3.043852       1.628649
 1999   2.720913       2.160981       2.988055       2.517400       1.316153       2.046530       2.383786       2.153306       1.845505       3.981359       2.309260       3.283772
 2000   1.683116       1.124197       3.898646       2.052266       2.532371       1.536352       1.563200       2.130236       1.851631       2.794692       4.707633       1.562776
 2001   2.063215       3.663951       4.150436       1.805707       1.544026       1.501243       2.424904       2.085702       1.439030       2.393409       2.797081       1.283742
 2002   1.481238       4.873369       1.989136       1.385728       1.151381       1.678735      0.7838374      0.9678186       1.519031      0.7048419       1.161883       1.841057
 2003  0.7344414       3.651273       1.900564       2.388527       1.664749       1.834665       1.800703       2.488174       1.038262       2.665556       2.243084       2.406005
 2004   3.121099       2.402781       1.521123       1.243949       1.101365       1.622168       1.709605       1.758692       1.978832       2.838985       2.913524       3.794923
 2005   2.309106       3.084360       1.473607      0.6538776      0.7245750       3.888789       2.338599       1.721619       2.998390       2.526305       3.435396       1.716359
 2006   2.899745       1.766945       1.344336       1.311961      0.9793388       1.739733       2.157337       1.085958       1.596401      0.4782406       1.919503       1.180107
 2007   1.385865       3.322658       2.377177       1.614784       1.649112       4.779917       1.471736       2.014713      0.8004245       1.346942       3.748180       3.867507
 2008   2.904308       4.107140      0.9769729       1.779147      0.7126144       2.066341       1.950985       1.590236       2.246406       1.520890       3.915385       2.709570
 2009   1.005393       3.294374       1.408590       3.065760       1.988817       2.244253       1.546122       1.126395       1.876815       2.355001       1.689329       3.198544
 2010   2.034651       4.640610       2.817359       1.400512       2.311573       1.770302       2.497430       2.768162       2.300654       3.865523       4.294915       4.903049
 2011   2.508610       3.972847       3.021905       1.907597       1.903487       2.696310       1.754003       2.271299       2.285529       2.138708       5.034626       2.841076
 2012   3.235623       5.201374       4.833704       1.764842       1.435834       2.732069       2.044401       1.297825       1.278078       1.129331       1.788811       1.920350
 2013   3.336141       4.067704       2.672242       1.137011       1.453242       3.979590       1.590620       1.368391       1.778100       1.127329       3.003649       1.349062
 2014  0.8862585       1.928859       3.758702       2.379637       1.213943       2.560329       1.214380       2.414016       1.408635       1.314808       1.360944       4.196601
 2015   3.748497       2.075892       1.231361       4.247866       2.157179       1.744226       2.144277       2.286918       1.015556       1.259667       3.074687       2.181126
 2016   4.404548      0.8519158       1.451859      0.9185010       2.135280       5.437408       2.887479       2.527247       4.305685       2.462489       1.542192       2.082705
 2017   1.823884       1.649263       5.025950       1.609953       1.409661       1.382592      0.9140320       1.654980      0.7378854       2.561222       2.239099       3.278416
 2018   1.751225       2.066430       1.743997      0.7611252       1.048043       1.675631      0.8822793       1.307374       1.220622       2.230847       2.710222       2.456453
 2019   1.614633       1.301216       2.911452      0.4784372       1.674915       1.551170       1.028844       1.021645       1.217773      0.7981223       1.257815      0.4895474
