 1979   32.40741
 1980   32.46970
 1981   32.13638
 1982   32.70779
 1983   29.91266
 1984   31.30530
 1985   29.61246
 1986   30.89975
 1987   32.95038
 1988   30.28125
 1989   31.90256
 1990   32.62524
 1991   29.56720
 1992   31.25482
 1993   31.25354
 1994   32.08145
 1995   29.18744
 1996   30.92316
 1997   32.77286
 1998   30.70587
 1999   30.59302
 2000   32.77502
 2001   29.70566
 2002   33.02145
 2003   33.67798
 2004   30.64651
 2005   33.44064
 2006   32.04489
 2007   30.16937
 2008   33.79456
 2009   33.25974
 2010   32.29745
 2011   28.52374
 2012   33.33994
 2013   33.94696
 2014   31.05032
 2015   31.67340
 2016   33.22400
 2017   33.51044
 2018   34.95398
 2019   34.71039
